[gd_scene load_steps=3 format=3 uid="uid://g3wn08pp0pt3"]

[ext_resource type="PackedScene" uid="uid://i5gab8o8q8gd" path="res://Assets/characters/Rogue_Hooded.glb" id="1_6in6w"]
[ext_resource type="Script" path="res://Player/Models/CharModel.gd" id="2_f1dot"]

[node name="Rogue_Hooded" instance=ExtResource("1_6in6w")]
transform = Transform3D(1, 0, 0, 0, 1, 0, 0, 0, 1, 0, -1, 0)
script = ExtResource("2_f1dot")

[node name="Skeleton3D" parent="Rig" index="0"]
bones/1/position = Vector3(0.00841076, 0.378046, 1.21849e-10)
bones/2/rotation = Quaternion(-0.0605995, -0.130282, -0.00797808, 0.989591)
bones/3/rotation = Quaternion(-2.22045e-16, -3.57567e-09, -2.85747e-10, 1)
bones/4/position = Vector3(0.248044, 0.110857, 0.0825816)
bones/4/rotation = Quaternion(-0.577713, -0.249364, -0.73471, 0.253509)
bones/5/rotation = Quaternion(2.57531e-08, -7.4026e-08, -0.550246, 0.835003)
bones/7/rotation = Quaternion(-0.195243, -0.672535, -0.0531652, 0.711864)
bones/8/rotation = Quaternion(1.60975e-09, 1.60975e-09, -0.707107, 0.707107)
bones/10/position = Vector3(-0.176682, 0.111703, 0.0891542)
bones/10/rotation = Quaternion(-0.248319, 0.341504, 0.842174, 0.335345)
bones/11/rotation = Quaternion(1.54903e-08, 4.43594e-08, 0.573091, 0.819492)
bones/13/rotation = Quaternion(-0.234584, 0.22343, -0.113618, 0.939223)
bones/14/position = Vector3(-8.34829e-10, 0.0961251, -0.0574999)
bones/14/rotation = Quaternion(0.155711, -0.189455, 0.670289, 0.700409)
bones/19/rotation = Quaternion(0.0854265, 0.130442, 0.0047045, 0.987758)
bones/21/rotation = Quaternion(0.993728, 0.0733767, 0.0391868, 0.0747389)
bones/22/rotation = Quaternion(0.350238, 6.5134e-08, -2.45307e-07, 0.936661)
bones/23/rotation = Quaternion(-0.592131, -0.213501, 0.0538368, 0.775177)
bones/24/rotation = Quaternion(-3.71821e-08, 0.920355, -0.391084, 6.66388e-08)
bones/25/rotation = Quaternion(0.991183, -0.0392424, -0.0117463, 0.126008)
bones/26/rotation = Quaternion(0.389035, -6.29367e-08, 2.68502e-07, 0.921223)
bones/27/rotation = Quaternion(-0.602857, 0.112087, -0.0280757, 0.789437)
bones/28/rotation = Quaternion(3.04797e-08, 0.920355, -0.391084, -6.94849e-08)
bones/29/rotation = Quaternion(0.707107, -2.29302e-07, -4.60551e-08, 0.707107)
bones/30/rotation = Quaternion(-0.707107, -7.05285e-08, -7.05285e-08, 0.707107)
bones/31/position = Vector3(0.0308395, 0.382458, -2.86687e-15)
bones/31/rotation = Quaternion(1.00138e-08, 1.91522e-09, 0.984639, -0.174603)
bones/32/rotation = Quaternion(-1.04035e-07, 0.391084, 0.920355, -2.9526e-08)
bones/34/rotation = Quaternion(1, -3.10863e-15, 1.94707e-07, -6.91739e-22)
bones/36/rotation = Quaternion(0.707107, -3.82385e-08, 1.45009e-07, 0.707107)
bones/37/rotation = Quaternion(-0.707107, -7.05285e-08, -7.05285e-08, 0.707107)
bones/38/rotation = Quaternion(-5.83589e-09, 6.43837e-10, 0.994809, 0.101756)
bones/39/rotation = Quaternion(-1.04035e-07, 0.391084, 0.920355, -2.95261e-08)
bones/43/position = Vector3(0.839842, 0.719866, -0.447558)
bones/44/position = Vector3(0.339729, 0.818401, 0.412805)
bones/44/rotation = Quaternion(0.611846, 0.0640472, 0.465299, 0.636427)
bones/45/position = Vector3(-0.87741, 1.03555, -0.447559)
bones/46/position = Vector3(-0.335004, 0.82588, 0.274458)
bones/46/rotation = Quaternion(-0.330753, 0.224688, 0.90319, -0.156094)

[node name="Knife_Offhand" parent="Rig/Skeleton3D" index="0"]
transform = Transform3D(0.513884, 0.558788, 0.650905, 0.181718, 0.670632, -0.719188, -0.838391, 0.48786, 0.243085, 0.242572, 0.82065, 0.549255)
visible = false

[node name="1H_Crossbow" parent="Rig/Skeleton3D" index="1"]
transform = Transform3D(0.608764, 0.761971, -0.22092, -0.692037, 0.373857, -0.617507, -0.38793, 0.528801, 0.754903, -0.262096, 0.752043, 0.264283)
visible = false

[node name="2H_Crossbow" parent="Rig/Skeleton3D" index="2"]
transform = Transform3D(0.608764, 0.761971, -0.22092, -0.692037, 0.373857, -0.617507, -0.38793, 0.528801, 0.754903, -0.262096, 0.752043, 0.264283)
visible = false

[node name="Knife" parent="Rig/Skeleton3D" index="3"]
transform = Transform3D(0.22092, 0.761971, 0.608764, 0.617507, 0.373857, -0.692037, -0.754903, 0.528801, -0.38793, -0.277317, 0.691307, 0.348745)
visible = false

[node name="Throwable" parent="Rig/Skeleton3D" index="4"]
transform = Transform3D(0.22092, 0.761971, 0.608764, 0.617507, 0.373857, -0.692037, -0.754903, 0.528801, -0.38793, -0.139975, 0.758694, 0.444059)
visible = false

[node name="Rogue_Cape" parent="Rig/Skeleton3D" index="5"]
transform = Transform3D(0.965926, 0.0315801, -0.256885, -2.3909e-08, 0.992528, 0.122016, 0.258819, -0.117859, 0.958709, 0.0279346, 1.18364, -0.0728641)
